72722
90286
44792
65142
53682
69161
97555
38902
6169
54260
33581
98320
87674
72940
60906
38902
49288
45786
70429
53682
72722
16667
96271
87674
53682
36183
96271
66642
6169
16667
17144
54260
65142
97555
77633
88185
39356
44792
90286
56835
13597
36183
87674
45786
17144
39356
66190
69277
38902
36183
43856
23312
38902
65142
5499
37221
32032
23312
13597
87496
36183
49288
4912
32032
72722
16667
80399
97555
24523
43958
75662
69161
66642
69161
72940
87674
43958
43958
90286
26849
66642
60906
66599
69277
44792
72722
56835
65142
87496
72722
97555
23941
72940
66599
96271
66642
17144
88185
24523
96271