20
38
43 36 62 20 71 56 27 48 66 94 14 39 4 47 19 20 14 94 95 42 84 3 49 33 51 41 1 60 80 33 47 96 39 32 4 96 17 72
18
11 63 15 3 34 89 43 30 39 92 81 25 47 56 10 44 60 82
81
89 36 51 3 42 40 47 57 78 50 87 49 88 24 27 38 90 30 57 44 44 48 25 29 59 33 63 54 54 21 80 70 76 100 28 78 67 26 61 7 87 1 95 36 73 1 51 50 73 39 5 18 85 94 25 74 87 69 25 63 31 8 69 52 90 2 25 35 28 32 43 3 91 65 27 52 2 28 82 83 75
10
55 89 73 45 29 12 83 57 22 70
95
63 77 52 92 69 26 28 48 64 25 12 15 26 30 61 6 80 16 25 21 13 9 93 45 61 31 88 38 72 3 26 11 12 93 1 33 10 81 47 64 77 21 58 30 25 49 80 61 54 33 61 73 30 70 59 4 43 26 36 69 11 67 7 66 54 8 75 77 3 40 80 34 55 73 70 92 1 70 55 60 20 61 53 77 33 51 86 26 2 71 31 38 55 30 65
28
13 38 67 37 2 94 85 20 83 84 67 5 70 71 60 57 64 69 23 52 60 2 46 36 58 27 86 91
33
73 40 93 73 31 91 71 66 8 44 17 64 50 37 94 77 59 26 86 41 56 91 51 93 5 24 25 19 59 11 12 8 23
41
34 79 32 17 85 100 56 64 74 74 39 100 9 84 75 22 35 44 67 79 60 7 24 18 21 98 66 96 63 45 52 79 37 62 8 88 39 30 76 58 13
5
56 32 60 73 29
34
50 59 28 33 45 82 73 26 64 10 21 16 46 26 56 19 32 14 99 17 31 54 47 48 80 29 72 26 67 99 75 64 9 80
21
88 33 27 2 75 63 71 78 64 76 13 63 7 91 40 6 87 75 3 29 72
86
91 63 45 64 75 56 43 95 62 61 60 100 32 18 94 20 54 3 9 45 5 62 65 92 75 15 57 70 22 15 13 40 46 54 81 77 84 57 64 80 57 20 58 19 27 29 86 73 9 47 60 29 34 68 64 41 87 24 26 40 61 8 91 53 74 52 63 33 65 96 81 60 58 75 97 89 88 19 91 10 90 55 52 73 69 5
64
49 72 92 95 54 70 100 23 100 4 93 85 4 57 79 84 16 4 73 5 18 69 13 85 17 40 61 66 68 73 34 46 65 90 60 70 94 96 63 72 52 31 49 45 83 85 17 84 27 19 70 54 22 56 90 72 32 4 99 64 78 58 50 24
47
98 46 2 18 16 50 46 42 27 52 43 61 15 31 22 53 75 62 93 34 8 94 93 10 40 100 28 99 4 93 56 89 39 24 95 34 8 91 9 88 96 83 53 22 82 3 8
15
77 89 32 5 93 10 31 79 54 21 5 12 36 87 94
50
25 25 13 60 22 81 38 45 35 97 77 26 34 51 60 15 96 8 13 91 72 16 26 12 21 44 36 48 16 88 76 42 21 62 77 38 13 53 76 1 46 62 58 66 3 50 21 87 48 18
40
36 7 74 26 23 46 55 99 83 59 69 72 14 9 41 62 87 74 80 19 4 23 23 12 68 58 97 24 23 97 32 27 61 72 67 88 62 55 41 60
94
46 57 93 61 47 8 72 71 71 11 39 87 34 66 64 66 34 34 7 13 24 32 72 17 95 100 51 5 78 70 42 95 58 40 99 99 14 27 11 51 58 89 13 89 73 89 20 4 31 39 52 19 16 44 30 28 46 52 95 54 46 47 18 80 16 31 99 8 67 16 72 41 90 95 15 58 62 72 70 52 46 15 2 44 97 43 49 66 23 3 65 79 28 67
30
80 15 77 3 9 85 13 34 15 8 79 87 26 60 85 62 96 13 7 58 88 43 97 10 92 9 97 87 35 99
14
40 68 48 18 93 57 48 97 81 56 86 47 53 26